1011643473
2129027990
1789763712
516513456
1150732621
1597211733
962288340
752040361
215112227
1533156110
1013169638
2131140754
1485733987
917162363
1545596244
1665792295
1071831984
574577817
715553339
22213146
643546424
687614871
2092317754
920381525
193433806
2013475818
730951967
488316507
80969125
1904977021
1015213361
907200460
1255086251
468298246
542754330
192875271
928162431
570257012
1967424110
622279402
872475409
1895128452
247166940
849980085
2027263189
1891557491
708485616
611163660
42078628
432136910
923130754
1591539483
1005015855
1857458789
263652543
798975188
1923074336
1638526046
1015300049
2024469331
200074959
1455212901
1571098158
31064163
521472669
250755841
815773818
2113189402
670187761
2090675202
1177881370
1185697183
364903629
516576791
532091223
1030257676
1857912844
2021834364
41425194
959155054
1385975098
1427377104
1095362986
844612073
126721295
114239236
1935259151
1944639737
1035432330
1996667248
598996834
1625188051
1518960807
863910400
1443100355
943733738
1249104060
2026068875
374698582
947115661
1736736886
1263980100
2136696523
1537879725
1812976746
1535010377
866494345
1293892541
1499284570
877255001
2061471607
1440265906
1023795719
1914987939
1061991527
631749162
1474040750
964744121
1172121375
445186729
1954167840
1083598243
318859780
1866051838
295012993
113009936
813623397
2115145924
378260381
702227112
260593761
488244484
1123464930
29644924
854200695
1541201144
838652158
657588639
1976631720
1428189930
524262934
1741281486
1026788171
302290747
2001239455
1257558090
785266029
131197312
1943087581
264041671
899332322
630809031
47871222
1599688060
1598460908
890498039
634617266
1907780443
2031545991
117249877
1438463442
37976411
796539215
613547043
1171895305
381075440
1189384463
1980602723
766798747
880389533
1830457575
1124994233
1690829713
1528534687
140434713
1910646382
928524182
1806400970
548491376
1676999569
417418354
2035046514
1662211661
1879390264
1919287840
1406951296
1446222671
1487934436
964758925
557784996
1939594910
1261693442
303899632
232987305
857624021
625776782
1135002048
1956047844
1953265034
1909188306
689583959
1573847494
51933306
338843212
420980001
373038737
1818337110
1479597998
164118912
1696854567
649646884
146947583
1601954368
393232126
1300001876
328370655
1914397618
838736944
1185665120
852887271
746334055
1803421359
752441374
1167861039
1525318795
491688854
1477851301
725211369
1736745947
776385946
1905154266
699828778
417128772
662808479
1571972502
190381769
1500671258
1896722023
12465781
547733600
1719699185
1006633829
1673819454
1081516144
1175473180
1812159152
164434410
124460193
1824437184
18585107
2074258771
753632550
585626259
1647335233
641975418
2054481727
1887641654
454640422
1982793333
536993240
176986157
948037720
93249267
1581550159
1913335927
237525676
1262411629
1193809747
1797521358
936949221
1432768748
584337383
1139936637
876140936
2123225201
2035528838
580052185
756731851
72005636
925202529
1840162397
146895275
1769526876
529346756
1112658022
426375709
1545951015
109072534
249076103
1571183196
459156984
62777855
277829258
1740587361
1203221963
554577956
1848182276
1636952177
18872117
2029589262
199539604
609015504
1579673388
1570207656
1758217400
959442579
921012336
513322471
981598539
2099721363
211188118
1380837124
339315103
1239213438
1306073519
1906806245
1700158515
1658227207
1716194713
1991017370
375745809
897178685
1782484961
1982947842
190451911
1922134010
1218745684
412485262
2110020863
1815490674
1826648097
2083637021
1488894141
1795286251
412761004
184210183
1009907253
574623371
1567619825
1643864630
1097527367
1200984397
1815737235
342848621
1433552280
1684847118
34959233
940573356
96889678
1031427012
1932635971
675062956
1403122023
2013896141
2064479975
1350749317
1685811895
948442469
1712340866
1553062512
696928892
656876594
1473296229
236808870
192072095
494462458
747297502
1554210663
1416512906
332289908
1843564456
899762454
2112813728
32530492
1202998512
1167912577
1283808350
699550175
1074002436
362665791
491523340
972248598
1571999130
1903286835
620320543
1192117776
2133301179
259314221
1300800046
227591400
153190474
716421807
568065423
981583670
488891445
1715836620
1314749070
547164609
1189780279
548971564
69840969
1021000018
197169223
915962925
1430807339
293637540
168244896
863626532
1502472707
451051895
425461102
465778113
1016040128
322585027
489800722
1387547792
1061071051
1414811146
1728450834
1310670236
920796929
1238893510
255339936
871561262
1021558604
174010114
848082885
1867204275
1725698525
2009387525
1866112298
256748219
639569416
823359016
563622019
1204860702
2102355643
359561161
449047449
1656990265
1324000412
341237592
1637025778
1806051926
417097663
1004763535
1346943006
1882990122
1352780545
1645019326
1253796769
287832951
217670403
1579829572
490350456
1112876498
589951686
272991002
1130011978
1614796671
1982959584
607306377
393825069
4849272
1733333081
526459388
1656720913
496261004
352271397
1432547056
513290445
962220453
1829952573
1698591751
1245290948
1471783714
1346789724
534778428
569743667
339383138
1109687379
1067416369
1425054234
578558562
2081726985
752156325
492853189
2000099454
1789531411
1092156673
504801782
1987971156
283881196
1494659345
646928817
1238543558
1337770705
620536528
1871818916
2038521117
1669010491
346568028
39540016
1623830859
1827371770
332325384
1910021400
1171681353
609119979
1522455184
1229398213
2038612639
1469011286
49917031
1885468979
1032375042
2056587750
1728544557
662942332
1645602583
1617411397
1066199101
882941183
268630614
1825039188
1141808482
1027393325
120800521
1234406148
2097000617
1546357232
1459775860
2106792404
164298577
278606264
559046927
1486619879
234184159
625864226
299123695
1795670465
577581902
1669976647
515040323
1843841182
1046566244
2010927007
1274306553
1505436271
783554592
334116241
802679424
1082367090
454337104
1858854808
1715941545
1696095084
707246398
1971706899
138860711
1726687366
1282168202
1504245161
1212661813
298414530
985363219
1370040662
1970453206
1927518232
109555215
329888535
815968824
1992082737
645422907
1760885550
1641884338
408953535
1925515564
683265555
1926712812
485223799
1022429379
2022959351
848674206
483425708
1532271294
259818741
697798769
363397001
425683052
1554000600
694221569
636826859
1255271801
1105312131
1136674564
450312921
2104371431
1982277889
368040580
1827531936
1056254749
881538090
1407332680
873733775
600716057
2077733614
615565905
1540786764
2123181250
400494401
812985216
1467344594
1289323097
1359470243
31669589
837305864
403919629
1816414795
1022255314
1277456894
1856258221
1734316015
1404486013
1941152710
122300024
1168540978
571639173
951160301
1560095504
202680235
1046388220
715674773
2104999821
553509774
1308432707
1052093744
1828601262
1380309754
958593411
1220542427
1223489323
1765283806
1249227095
1356203093
183412774
278999688
1939376264
1791030426
1571446463
931108556
1380731632
267980576
1884752327
555954637
1715979135
757973677
169083020
2105406059
211133788
1879997907
591984083
1046193737
1781310755
1435941898
1875175395
517365113
1992336461
745507432
653967294
2051350215
1452798125
866278911
1773367659
162879135
1285405207
796702163
1224249198
1599867548
756744219
1388421750
502752090
485653422
663837167
12447042
1028373885
1430421734
1195842154
1596274995
312659385
484541665
474640941
275388254
1192851314
1591586767
1244221916
2116593938
977187491
512714783
1349906058
1322977674
2052697099
947516361
1468787251
1275615563
228357765
734569527
1476936290
1779623200
912736118
1092785872
220612339
911704752
1842157664
1894102051
601225971
1259855033
1347061651
1929000877
1577345443
72026347
841953794
133868104
1767135644
9134435
2126450739
2063653168
848218124
193870786
1940176976
1806103474
763033118
729921514
2031462235
1096063347
2143036024
1375109205
1461826431
1180844890
48195806
1061090833
1563668865
1738150171
773145076
839574108
1323583317
834905441
356777248
1948149720
1477494221
1809406615
894744206
32804203
46670700
199211604
1257401165
831085749
926126681
985448801
1099623830
973942319
1296384879
1333467751
375102253
1786928349
2026834033
213784890
181393377
702561199
2076944219
1450041532
144010797
1944700538
591450324
1852816751
1084954625
1880369293
1179438015
473259675
1332711834
994104051
600967152
1286486040
108771469
592477253
988015099
2035349177
133716196
2018509865
800801321
1244107093
2118675039
1742066795
665714820
1722228851
812294108
2075523510
562878482
71648913
1132546769
253545966
1577231134
584028945
178107637
402894381
272399025
1109780929
2136748542
1416681049
2136904480
297769221
1781549958
1386945631
1681461183
1358129315
1821673735
1394337038
1567694771
1643481899
935818757
228936850
2047202789
226688001
813148235
1884822667
1407012371
1759540233
1692051533
844417481
1895682304
1271643885
1665580460
618419110
1667221964
1122032398
564511193
298417921
402685534
1902177796
2048342737
1467516626
992648445
299874260
1627004934
774569071
15257854
817680045
8047454
1406611802
1181200536
941133151
331855956
1957569732
516912595
1607024217
811062077
1444449955
1089672351
592686429
139934373
387662443
1916362753
1689446850
2054911192
631030636
1199444072
661496677
2135833468
797541575
695442718
682896430
2056134491
1324478222
1282144986
94947386
1387685439
680846711
1115517298
1764005546
489923830
914039997
1406786221
283507975
2036381557
133395860
654425143
465182545
1866455321
2063944903
1449250478
1702989475
1126022920
820974319
1778426841
1804138628
554219190
1897852369
726351352
1714503884
1617160836
2145944917
1105889846
418320432
1090457219
1705500191
1610141755
501252461
572315477
1068041164
286083294
1060648717
215399732
1336794315
1803890168
1227342809
1551019277
1827086805
1230288211
795340764
2024237508
659231498
983533762
547095567
2039906203
67380394
931097930
808838822
797887405
953908588
551086974
131297782
261667220
816234623
1158212328
132780033
1501395242
25050394
1370706595
60572832
915181165
645414338
120185094
1030058059
1576484220
1803014424
484674683
1283634568
1783592126
770246236
2087706477
2051312366
732952354
514471810
1180098911
2036540373
1970120832
125934319
697122586
1755871645
1091436062
184022736
1940751359
409296791
951891279
870641687
1495422586
1272163219
1236996663
1476857620
1308281239
459152647
493160617
1850291116
425784751
1801931992
562876721
2138624824
532425274
1060343752
489917485
986446332
764095176
900617597
1831712022
72067650
1679296779
209858090
254560221
1369887506
141446668
1040400604
1024432752
2075900049
1838498942
979278947
1282870363
1810450420
136009264
1895656667
1464913547
1905750303
2140966555
447856598
1272915247
100483038
306017435
11739431
1365026231
463277758
1865715003
1246493262
4133630
265997705
1536162217
670908027
305174916
1293284701
478790216
627871041
407981524
980444264
336888037
1950979544
709816069
763689794
1475558401
2082088206
880742235
493123047
1690985804
1244194764
646440205
1524406864
172297523
810126401
1097213217
1341486764
583564688
1365609389
518154868
1498548544
1096912256
1248822988
1676593878
1130187736
1455038547
1645199069
1124949073
8535272
253387164
666555725
1172999306
884809796
920678503
1821154309
165825601
2000540025
2039630730
802381901
408236275
1748410822
1960374548
726973019
1906495135
1156635578
292602595
2124123004
1248897957
242722411
1200251474
900691166
1790529737
154903120
458773774
554742008
1125455703
966605244
1689838858
1196939670
384202593
133250808
389074313
1795671172
1538111524
502469115
753035096
1100497111
2061763721
1766926280
1358308894
102964947
1920730567
112487781
522475723
252284028
413550117
1408278643
199049006
687763644
601472477
1720932207
1108059811
734203693
612699164
1600721796
1103060969
1747836548
408092198
1063998986
156237842
543693723
666183319
1283478431
1574796947
1229800218
1469146820
1143242464
1604018811
1059077057
1721461824
1897907397
1261195457
721197907
909198459
325842070
1587473846
1713836066
1235372164
1544514958
595207065
860264756
1052361455
965135370
1725300809
1950406415
1398460881
1577709678
1172274197
1217290022
1678845672
1260673429
863542191
2013305824
1590847448
1667132658
403406656
532767553
1575358608
1656022600
910037141
1936526903
1965414859
1526024450
924656246
623540867
1168557491
359255344
2041639703
1378943298
24843423
1294787102
1641685928
1944259608
1690272765
346292371
2146785031
1764004600
111827275
1050879651
1865730454
847211665
586734399
607516465
251810854
43776856
973077255
144774917
825322514
36921646
636424107
1434321286
443535977
461964207
178234766
1920806676
895272003
944491287
2025554963
318637828
2115608116
169616848
624044891
216643385
1763968223
1484421788
2097753133
2008394587
66634914
1328698203
1873206255
432274871
1098889839
957426298
1961690833
824433587
984889274
1350329592
1223778825
681146348
578974606
1625858838
654024760
1114948590
1904851643
703410587
214772204
28822415
1685860650
156304833
1949604927
1795238888
1095767633
698043839
1940869020
2134687729
2038668993
1023950836
830294177
837041336
1634964700
1642295981
1664095520
221976382
1599476389
1339270803
881014592
739028462
586008240
171478452
592765121
933842875
916411960
1626978604
1174397021
2043566805
1247383119
665745264
826524489
1852787975
165295664
1165561142
292965595
882458544
627340464
720130820
269059653
2106059099
52091603
360276308
883148927
354082558
519980411
1507038561
70992451
550203084
154396732
722720914
1056742450
2108624567
1086845770
2009642111
391937300
412612742
2043111060
657415588
1135464509
1285893518
2137179114
808091297
336777226
908901392
1995731545
198061611
381482635
1702805551
1650508951
1260722579
1682970171
2083338892
74626201
701074929
1744764138
1072461440
263685699
766355949
1455170236
694245877
2030871351
43557417
750716745
2129565921
2109088206
303276622
1355218661
1365730912
378112293
1432319154
722358779
438164845
228557903
1194637987
1458352275
145554237
1798854312
1495474003
2144738291
2126619961
338297673
419467103
483625057
514053270
1970026903
614473470
585406726
1039704466
1548040438
1301866690
2064513005
1791461452
1515978140
1994379022
978185259
1624826176
2074552448
1593551381
946401305
1319708511
1593128048
2051673226
10103229
1393313223
1606527554
1237543146
147834695
1087751972
844375586
915407202
391733687
942242
1289822219
1848355933
2079238043
2047668878
2125564241
879564718
1507242486
1053866120
542470490
421909591
1373406525
937165671
515310445
1490752756
566452347
2066380457
27676578
1475061959
1278581908
1968399253
1112240377
871783777
1909652902
874019824
1307820679
958173417
372209803
2083173976
1057486283
1785683724
543264379
1634917952
1808006175
319976065
1179615439
1179183496
1034343754
2131109175
1717354208
593284535
1553954098
1337669918
1217204238
1363488472
1859981999
338498447
617159644
1096016368
1291604346
451151193
801641017
1125506328
1865406788
1150273897
1163679194
1986252602
303696867
545457173
27077314
281164140
41331879
1809526021
1355123427
1403225060
2022599371
1294790078
130048734
1032595607
1423663367
667131597
794597607
566275443
2103753795
998452620
237461444
1118226485
2018040677
2078692500
118585332
503227879
114317899
638038207
896278764
1026486266
1650039252
1505942744
1268030588
917358844
1888712473
1432575458
619791953
565877493
1073152954
1487522305
1540448660
113258852
1130049874
399258633
1886445231
1786001617
150635020
673023394
1911782191
1069604367
896659535
1457000980
1891548612
2119624464
1463902101
969034677
961572966
1964130148
508102746
1571366380
531061394
1841336912
566522159
1184517601
263069106
1392061575
1434101485
1375798211
989083035
305069960
493127175
770375349
1300184880
932790419
151324409
1197958486
180274979
614251849
708616157
986219755
1791951580
1671929823
1839197468
741445932
593163634
2006121726
1567290177
535058088
1957995222
205071675
1194159081
483879381
1531056911
799364142
1684123607
1876688056
155715487
2125526833
644280356
1789076781
1904698629
380396983
804294803
48561620
1982886492
1131709766
1544000771
1466477464
159330593
2075423506
173552637
424866269
537276178
1000992056
148160621
814849861
744576049
2067060116
1960328302
487898399
115363559
434489407
1560676158
275450734
1909481542
147152808
1716074577
719713169
243755623
1296916557
145578369
490847124
1145979634
623289879
1165185634
110191634
652635068
38948176
299923124
578435780
1858565003
1360146754
1056098802
1279380395
192045301
1003256429
1015327239
1483832022
1014868326
115840612
1604006688
327004368
241325631
987206468
1790824092
479404970
1958418972
1391163602
694845216
1326147232
1185953838
1937299760
1545706440
1001556587
1607942087
57504572
708627576
2140813347
2113650165
666001542
1961900368
1163088078
1261840197
1607067883
1888616254
1303231369
1703435177
1917367762
1035148205
657370193
772490868
1591525123
332800347
1374178671
1739537537
236972831
381888584
216159614
550034036
1931083200
1656589002
963752986
1564362008
2125794605
710353342
810950439
1296354792
874600890
728093144
248965819
73211305
1775829178
2061196316
1812280745
1438394164
1933681954
1980531558
1046484139
1353794642
1920059324
41138467
2029520427
1828585151
570501380
1951179554
1870239918
177874769
933703331
866708613
1323027933
2049375538
1600120453
1408496593
57500722
897468233
1132454297
1247938597
491049275
645292472
36225061
362874760
1950963342
1531076990
798222787
1063997531
1237859146
468029499
205949691
2088441837
1836045381
623092244
370774654
1475041325
1195025623
122365869
481429501
628401786
1240433218
407756371
154252964
893871511
1996506045
552771644
858637623
1370088634
727656731
1587992293
1106802119
2031623619
368820765
313618843
1789191952
1888216202
379240529
979862038
75452786
66025809
2068364708
178438463
883022219
2074710105
1918804363
490495507
1433776749
215023760
663678666
634558623
435284353
1057450855
1717429216
1506134827
300209655
1247629250
1348139023
507618163
304793065
907483657
1880153867
141651472
1090790155
634512220
864673087
1271559670
627501329
914338275
219731638
2126879254
332064670
1931357250
326378156
261184292
1093528035
923259436
431345074
576177011
1971617244
1886317583
1160090744
768060156
1931326755
437421037
1953202490
1858533757
1414257008
1521539403
915322314
1772857534
428453550
4186689
512920630
942893294
1609792698
866880434
1128060949
1808656685
199539386
1222806166
1815261811
164357667
1769920024
1769320563
314956374
314917069
1114320666
186307819
1680036845
2049605464
1290929440
1713604206
347377748
1251621413
505523321
2072564751
873400326
1834555117
1658652641
699441781
2053296608
1733497854
534634395
1604722152
311910606
2121729444
1588023335
1866857355
1338913300
1126778787
514730657
1626889129
343266875
823706847
977322166
35471143
152329878
152147743
1670723139
1198367257
1477892464
345678054
1602032268
1298296177
48506579
543138689
2049862421
1532203475
2110525431
834630431
587112993
1570028932
282078022
510528282
57692868
1819950976
693286664
1830052948
1547019431
2030553514
1158689968
2001997756
1768022360
1026810910
1141583554
2125641456
1905837387
675677091
568210271
1590805757
2016913010
1426216252
1709092207
974690625
266087028
2117431517
1564206697
1723582066
451798669
132334907
762321602
519176119
1988879105
721399484
1284385519
1750038004
1192533054
1280068494
1725240089
231376675
1276033933
1675509459
1847259997
704168413
86139252
1258796282
716444348
29449977
1186364332
1829509929
1528227494
2066903883
2017673402
1766005718
507824414
1517829006
673352493
440242805
898606986
743048284
1379430003
1715521612
793744409
261509209
198836055
1696558178
1646248913
1475346032
1031662107
54319254
233382708
425218613
1638010926
1216239051
234441614
1755177066
2039154570
221720897
1078411998
1875280285
397800876
1641518335
645140574
469404910
715317297
91436396
2074857393
1011465455
2024090890
1916012030
2146208937
42352804
944352348
245253897
1879232945
930650793
339551734
843996857
1986032349
435622003
51643504
833490715
1785773965
789941167
847468508
220576597
1389749432
617541574
1009060396
2124910070
497936858
1448543618
1264893728
926773864
893014652
1238646474
1045461481
44036994
2108427869
1286780041
1298121311
1072378170
721814074
1379262637
1920312284
90718072
1856181055
897889868
554532787
624189445
2006007562
222550496
105401680
2121574818
239200856
1292622771
1326416366
568053301
1671966798
1959097942
240941551
833671711
408984678
492041035
2038881755
1616946857
780818676
622196674
300555512
1779546524
1462795348
1338448768
2044311425
1959767023
1931656883
407948252
2019406471
1356235163
830964342
373234916
1730948961
2053618827
15055178
1408649884
1584054481
1837692079
1082380233
1217383526
294762421
1899142960
1214343621
1553071229
2046116199
1810814654
1617189173
430142875
429642161
2060654340
271440314
1259038907
1774645872
1513946429
1863563980
828525817
998978244
1558790112
797557382
1265265557
396726257
721235831
1568813834
113109526
688411093
982397582
143719570
486020235
822015238
1664601798
1602995732
123324909
1676172423
1166536969
1822004881
1606749344
738207015
2123515608
1623689467
1885985048
2015597687
989239999
2045023425
331252888
1418476902
942884330
1933382904
914359830
851580027
1448863954
1517246503
698002235
1982352813
274578704
798827183
2015484806
119799266
16642642
408071637
1711647632
1704008194
332638315
1966755182
958341738
1001000376
1657157764
2092729894
462959394
1850721221
456236912
580845164
180522085
845388288
484309790
590435326
1749057598
2118277870
1838427431
1044217868
1326802429
839317242
1567151240
325194763
786888754
1387091793
1794633833
425146649
1938772185
1998144604
652123675
1350827016
1983333776
1745549787
535135265
1037570058
1370162690
214606491
346397797
1572262391
697761384
2137888212
1696214924
1921185341
1509498918
2024525857
430830435
1000794980
1903350417
837403164
1929272952
1332517692
1214901712
604122773
753885894
1547162790
1948991968
1142780527
433774984
1063340029
1588022193
555692056
315247150
1973723167
1359600238
965277859
484308589
1634918939
58164954
1925196932
1902966129
2132991353
180879061
151973351
2132875310
143398688
742541055
1461427885
561918164
1974810856
1599091827
1234174980
1728092001
361082813
535855284
1205914017
862856528
1350222444
914553254
926400157
355859055
450562829
1887465395
1678689769
1827568846
1214766349
1642603534
263132272
1246111187
532333015
2059835668
1344796360
288542315
1207293471
1532348110
1963587731
1442073691
1926263243
1374999955
1155983224
431641268
2079728766
146120907
1290062778
1904912229
1271181506
916480974
70881394
478404586
391532496
1194463978
1791407469
1860826915
2098210815
387973764
1072170148
2007838271
1749123016
540253782
1115546964
863029975
777967474
423301846
619415226
2040423447
1571599198
246934199
1623899245
1726714135
39878897
1396884104
974849623
537061960
284860441
598430843
2119097937
870215689
696466302
617496129
275907930
787515481
1342454087
604898064
710224500
1872356775
901066374
225635270
1725359388
1287506118
7528257
1808631591
1218944356
2108370940
166360350
1911663682
1524997038
2116592954
100218538
1952186611
1866996231
1129938277
2059675974
1987192449
199479581
1368292050
429369262
1445842535
377559775
83944657
609589031
1854216496
883123376
1058424416
951682373
2020000123
123947847
272377345
463771734
1640412447
884496934
1053698214
2140658799
1646255719
40175796
586035656
2032277264
1176108926
1225207545
1423782550
1659825014
1154392550
964217846
274496075
1140308350
1452686370
1330681759
1460304280
1370702129
1601621876
1854896758
984288065
78099696
1482645441
1610589381
1979347908
1343456317
1181730704
1360764792
271280691
941345059
750946865
1293897876
530816035
431219268
1806067194
315264344
1494171325
48259965
1108314285
754742255
530276081
1236281143
2003068917
491284174
1127203531
1592322637
1254645775
43590576
1962692062
1804696725
432429702
1485049900
1052441308
215625741
484433686
1438021103
751213640
822399140
2032734386
176687260
1740092994
1417154210
954218658
534359869
716956545
1421796788
1106747844
127740772
1701926752
376646296
988980722
1532090338
701968143
1939540321
543354756
722229539
1509712874
1551097448
1575031020
1021491492
1621250278
1503753167
346797184
1718880531
824499495
1927237043
1112196693
811221634
482966960
1765953262
516430406
524730951
1463246898
712220805
1516580884
334845682
1416507653
1605526965
776853415
262634731
490081844
645424789
750884723
1712914984
450517426
1240890216
397006582
1903750025
1361722539
383787649
380694365
612701648
424988150
46811859
130966599
1611967552
1449389478
1817705748
1358866081
2076520145
603457472
170929550
195093424
381641228
1385697287
1994563714
937132589
423961225
1032595698
1947626297
1083182986
2140059139
1374586815
1983593384
955350867
2047726613
1552238496
203370687
668712624
1746288788
355532308
1843244366
1354350086
1808757128
107414097
557330324
1580675774
651188935
309033437
221304678
709718813
629020976
1575902268
877585657
630124114
98031489
158318532
787487308
1124786831
1617290966
193126796
34507060
1054544719
1697096895
1791785603
1502672901
1703371189
842754300
1989153693
271886042
101140757
943019223
820587303
1157750658
1701273996
340622878
428350780
195648007
437856969
1213960124
806871376
952049628
1070956783
60660211
1366347497
1562916770
400440723
2133421113
1267579758
400229271
577873632
2034463404
1694229272
1726405788
227176154
1766568242
1783836421
657855457
1555113151
572593713
508267115
1581655343
1372592777
610598632
2019367145
79987665
1707663505
948725608
899956729
691735584
1360697678
2143936563
891262338
1700643754
1801094970
842204015
1919739274
263991806
800347861
1102431175
168534281
20134935
1262339779
404590303
1392388057
1847659619
1338077200
1076747633
545816521
497758574
1826525332
1448569609
987900624
1711258928
1578621298
1315368793
1880747614
1576849135
617178042
476042042
440761806
1337364946
18746670
1696791360
42211832
1921669636
656318242
120152568
947541988
1735273089
553206140
1713101761
886988953
1637256576
197516251
1091370564
1183783955
1560365437
7612117
1747961233
1235605842
2056396002
156913496
196423895
504964495
248990289
36122161
463777984
822125706
266231697
1374238123
1135010151
326425598
1281245458
2106283856
192391671
25363510
1367483422
1723548619
1554807777
165416889
91341215
1941997293
1246563257
887569441
367897479
1182933454
436764078
47422986
1218137823
1139827980
2000068516
1497971237
76205168
191032623
1559522032
831610220
1656320520
861324077
2015668143
144115312
1886797417
1685504776
1334913987
773542350
1463450068
890800789
1299631979
486996928
1079971117
1350193753
1913508222
989931727
1085792715
1513239180
2076312900
1115998119
53031902
495285823
594134001
733019651
1985962365
837205657
914373567
841364167
1200644172
1942214717
651646631
1485334316
322347975
657999048
939463355
366522645
2007490093
390568566
1650705955
820168833
820422155
269679588
142764210
1201191450
1471457891
388958704
589929764
1652945130
1348190074
787730876
1613747190
1487137069
1518251579
1316378834
384991714
955121217
120016971
1475578209
1291322358
171369913
1138107050
1827561638
1657629520
1176078738
422582530
1044341094
1465059960
579343229
212474768
888237207
1237204570
429333339
719206828
656949790
105155806
1305479879
715995894
881789875
910938918
1102374860
814733599
1544647650
1555881315
72407223
1076202577
2131225386
760308308
231985928
751006780
883416392
940309597
997001090
1327794110
1301461134
941120064
134135138
788845870
1995098476
1488683386
2030005932
1443118406
1954745360
794795068
1594300320
1514779306
313472554
1422159108
893700940
967223321
1141594824
9773528
25673531
34273071
1785113185
1001775391
1355292747
345254356
972222701
170330652
1968120476
705146949
1796379697
1392624392
1088609957
1756769725
1538847769
57741002
97627488
1698604479
695021373
38028373
1988220325
1275786243
649948550
275472798
929397909
894146811
309392106
1291539513
1744825133
2001700096
1042898002
551547279
69753594
603270174
2038925469
281213118
268934123
540855417
1550766014
243996685
1116800322
1566077274
1858685441
751538186
546063269
1066720474
274336107
355249731
885831249
297738793
1272334142
954136989
437005678
1306352251
1942792091
992905812
589953917
1523416721
1307694402
132753295
1819044845
541331167
1415305078
287663263
183619789
1213518943
1613341692
1536989140
1071610269
1640670194
875204417
1376855292
1445987645
364359278
1752259739
1818047865
23568647
729188168
460902568
1709283326
1074521848
1500294111
2126235603
978854374
1336290569
2028074339
1770058485
325356592
2087860124
1154285408
1832549399
36431387
1774739730
623586539
761001302
1315067738
1894869113
1123784295
890049503
692095988
1266891107
1054788084
231069978
38650812
1204362962
1917970550
315157476
58793831
774828879
1478117693
1757086708
25978191
1699610649
341798486
576874847
1976309699
942890363
46379885
436709942
1560041224
1256375862
623427933
1243662413
772778225
957739038
1733521494
1107443991
1459380246
971480001
1391682218
6648237
1940323508
1771744577
1464681012
1942616301
1759215905
1948303427
210446949
1345313215
1882018794
1149815040
1663396077
1686257523
1765075339
1177908345
1284398850
879158854
1117523914
767826375
1441721679
186927620
1297962160
470298256
753759356
2047925447
875078437
1116491926
131077206
446670813
1067896615
902370921
644576156
1438832839
2146921382
1456666941
987363941
1579342942
1474290688
801360342
747374896
951110161
1280865044
1354318495
746608266
1099235657
722678277
1846110427
385629526
904329965
904075405
1147571955
814638524
904491265
590113019
540535277
2116211377
1884692073
577085899
1737018366
152436254
752253132
516402912
2025829942
1495616944
377153172
2067641440
753898329
1098238523
303567633
1024486700
1579716046
1213113291
1619665597
1817097978
366154417
422816841
2129111450
1899267602
1274459139
124031687
1512727992
1449859745
125287425
101206376
1458692051
76607933
1274110866
135831535
2028221464
1235586038
956284377
51952866
435381512
240960405
1739295467
761380698
479312502
362744948
375079834
1174106986
1925566122
456628089
760205424
220963626
389483432
1267135409
1114144183
147140191
1859484298
1184917253
1641078453
2120790728
1036773130
1864489115
863269366
1660628744
1327069468
1677313739
1035925697
238266923
1268778680
164389564
980259756
703039958
231112629
73436059
421779020
1062068496
237172177
1544487799
507061252
57450919
34988749
708433852
904251390
870791744
1593339573
133666635
1371298360
1024772863
2107217982
1392349234
1733501878
305969871
1717715272
1074654989
743068630
331028302
1421230466
727857656
680982720
423283032
2015936812
1280852271
1900530939
1724532783
2113682936
1102004037
1257770013
1928336708
424328202
277119741
1559601307
1420749476
1379452191
1570413769
1071848638
1597908482
1558050761
736864733
1500713143
1958320733
2033715416
1287059182
568422345
1372885581
1252604117
1304679564
1881724580
1296985328
894525352
1847007001
45917394
321118059
1780535385
1836473445
15596362
1138656543
167147251
392941800
741397027
1553270890
1485746820
1085197978
1096251234
382258711
664702274
293687155
1806559476
1156754787
21959880
106417530
63151031
2011094701
428258429
1637927564
818504114
579922617
589992981
257612204
1188184421
418055328
1742740529
1627104257
958476348
1298192472
1173807906
1402471280
320520733
1781823452
992306123
1122299094
999358496
1673310456
533135524
1529512930
907065438
1839117747
191886555
507400846
2142943458
1633263960
689173909
1370439224
1982367677
1470170147
147219794
1444770913
235096630
2020360069
1130830702
987900161
1835838750
1106451732
796713411
1498325124
658817088
833399315
1580132972
1971822437
1289017079
1919680921
1709219749
536476006
2056691675
1619480416
1904693198
53910121
1674560915
724563244
243750798
307233518
447580878
1969708245
1994296340
1765331498
1687221069
535470323
750503801
448960448
57879576
682087974
998218049
1884669726
2127758544
108158719
245382401
300893815
328690724
1566069903
19601690
251507544
266338654
1204923786
1790977955
1912608490
888925461
1940024854
1560791909
1659462595
1339052805
424921654
2095690495
1390917480
167431931
255640782
626232362
1290008931
286363370
1003582802
1883793687
410915325
1420409884
385400335
39705077
51614361
1483081090
1243274518
1255791759
1998735789
1884962092
1729618368
1601496081
1135991901
1219369684
1576775907
410344171
52895670
481842580
1488314768
76423374
1004899204
384591544
1710644357
1103079123
1659814096
84436910
1563707446
294874043
865975801
2014682394
1282632563
1300478545
1933245037
1562730758
2100613301
1750969324
567297029
995966519
197268491
1091146000
953604091
553660058
256861596
1250296372
1896075656
147853021
2028399320
1847851679
1516152862
2055305499
1934673984
206995308
1989089087
86857903
1909833166
1003386028
277572089
214870314
191815681
1044603562
1814414334
1762652767
844339081
1481903433
50766436
1662202779
226472332
309714826
487353845
1788350450
1566435987
1243106602
1667995956
68103604
450887189
202468456
1843946477
770104063
1200874653
2117806564
1203437175
852240750
1448512154
838637731
1874880138
1239208687
1103030723
1114701871
1227225015
804870579
1809911589
253127388
1281575304
1269560638
154613706
159880741
1135973684
1586495134
787992072
1038174004
201948415
82750904
511816035
1882269056
1056157484
25237949
410309408
365714833
2040954528
1427410620
287560039
835612127
123349781
1598909010
99343123
1281662936
1157575415
135647612
1380632090
454086401
1408084190
1938338189
685761172
2094415924
1866081961
1367252539
1451406442
174942983
2064160819
1969831635
350444956
206026573
272545717
1543707789
962274094
880431286
888911288
1571079162
1347425968
1236750994
416818869
1525500825
880119401
745450931
986247243
1023111562
870561311
1948535407
1597083675
64332378
236659334
522127556
853390915
535976700
1110307139
32268439
14667126
1412921305
706125723
1089373205
1431415477
1801331454
1885168061
409404986
2001616556
127021940
573531304
625878896
2093925035
276754349
513279162
451349071
553876287
669533466
977445591
277033603
2028456557
781100762
917266994
342609867
2077420426
730654092
647477435
1385002782
1782731450
851604037
344480805
2137721832
1504725507
542219933
1907144082
1546042226
949552653
1189120996
2088936926
322702431
2071596152
1967430515
1498940549
83108946
1312515546
1638617628
2015617842
1187874221
850376020
156287171
968638437
1679992693
877653967
327328774
2059169727
611248465
1957235928
1043369240
254487661
717718961
1857923862
884770219
733204015
1519797260
662913636
1816445195
1052040324
561892673
239213967
1784024136
622772084
699114527
1654191533
889180044
801110905
1088021504
1524148504
146641547
1506345483
1728251792
1643784198
1454839319
1336426695
1449925035
943214790
865547475
780122427
1229836900
100210073
1305140480
1526729552
1177240099
2043471403
880579955
520715349
317508838
1702950573
1010180007
1051862180
977295272
1127259792
1641605359
131665395
1923852766
999008479
1102519492
232827961
2035033374
1305153593
304237116
1646771002
462361819
1303068778
601992860
1744710321
627046475
2077923238
2127648516
1757700890
545146985
1396474209
1586260808
1027460377
1409440790
80553166
630723552
948184458
280046683
1651982577
1915325685
639092774
1102633673
1047359587
628693147
266451662
636222466
2050076322
113025566
2101273463
1504692304
302618898
1216349301
1442345651
229733490
1691059604
1061029332
436481240
1681462392
207104194
1643919965
161995727
1924434628
1784030660
1650270198
1808126843
1828398384
713064914
1681843509
642585283
1811065422
363763014
1253207416
1302735678
1405663434
239842396
268256274
1813952890
1526692588
836659594
1636978848
879220713
20631610
522369910
1654144633
1322817129
187379514
448305305
1020373315
1458315375
1648730453
1293886062
1873428643
369351631
256662232
88552022
1357722892
611346986
471961875
789778955
492593081
1992890100
1813401764
37683647
103069621
1112005664
1543583182
202229200
1243858455
534300523
285542658
776869418
1614474060
1701718594
1009607040
209807674
900229005
1419222609
2047315991
1236939915
1303066735
720406697
1916810248
1322212606
498466201
1297835405
271711241
1248080042
474363535
348767962
1482175845
1855972430
1530416045
522555152
2145381184
1759850095
2118513712
124687105
1698461689
906639891
1784916847
1843948564
1053854376
723176216
2081097511
250012982
1300939462
724700721
743104755
553913439
1692738540
68628094
601056474
1358009020
1378403252
2090822344
1464022787
977782142
1179333564
1258947670
1104937603
1682901311
777079241
1916141934
1989665623
1281712652
1845168135
139943275
1753103725
1274032659
699828079
5300343
153989853
1583544554
731113025
1773238502
284822325
258375033
156392625
1713868848
1104674289
1312320646
1606334878
329938312
582873610
1485968860
1939712381
1614911517
591389861
2103808534
241191252
13822700
941476076
556481293
1527228387
1801284672
744411898
1055785180
2114189021
739928776
76103664
1365493132
598101587
1540342355
162352421
516393313
1342702642
1707534890
1366503546
998101440
2134424035
687886089
1111950282
795366587
87319056
1744310972
473609600
517247803
1689559175
1011411795
526725188
314682313
1317340726
155941890
2022116302
1333022713
381143894
1444684183
397424859
1888773747
1511049637
1238813848
2007448124
1174307743
1582733515
871899896
1460247819
2091647724
1429214
1749861238
1990623737
909585085
1977648897
223028371
244263363
338519282
1280602151
851585326
1508284099
1496856078
424920566
1024337085
263746979
1371946250
1543615942
1613211946
1714462508
1525163445
1347998152
24844359
1351591228
1160386502
1757041731
1831703280
340655318
1357958272
1203705082
585334716
1445361492
988419328
486486698
954631007
1834605751
1276328742
1989382831
239887519
629709087
911492894
1994684614
1931343345
857509718
1935004554
1426757869
1359536
1116488326
1739045454
163325287
1475853817
1356966155
724141047
429226716
1049313573
1862408803
92939208
1604660381
839739364
1314515522
289614435
1117606660
469274611
1273324226
21772561
268967417
769557113
1060761528
277225390
695979410
54713604
827157794
304721716
1479168722
789106715
1868999356
2130504418
1969945234
837807487
151082673
206692872
522232958
291332099
1419813231
444406898
54863926
1978304261
850332819
1696998255
1317710484
226987912
465499908
1328763260
957203725
1292911855
2011600924
649769618
1302298928
1520104280
2024487936
2113167113
1113344588
539809171
1494922000
1766284071
875894575
461187262
896468602
1993385290
1558326792
44539774
67609577
836025517
2005599342
817925852
1438929499
252087002
711253370
1674104505
251748881
1376991660
1656875022
623175664
28944799
537993216
1873067833
1981467142
600441379
367562488
554192563
479388304
1260065938
1479535083
1036664194
1024266274
397503022
803279597
2007376064
1929874159
1181798932
325375478
1041356915
815627522
98520561
1850842289
170891420
310682648
1501878229
1988449507
898646091
980219671
1539863328
1335300982
591970543
1958406447
243276440
1016831522
1493661612
2000979084
1727020445
209757623
8551141
1187198645
735092340
292887305
786824665
598722692
1446478783
613525623
133827689
987470786
1177112333
1926953498
128516343
1777461343
1209641614
1617436295
444872299
1035817802
2064424927
1687284290
49977423
1798953203
1784220164
456452031
1699533594
46179675
2138240115
1239285269
704972426
1436226516
1589352781
1959958594
703855658
732147803
792580264
1911011093
1569981427
602911886
194568967
1386739644
1817295119
912857675
1330172139
1392457962
817696953
1147731431
907690370
1310927012
1361655103
1432594952
1024027262
324707497
1189596969
1446201120
1060004609
1547335548
959741556
1663289478
1406038964
1418501135
1848600055
1983009074
458298871
436195854
1209125607
1167845909
1624273970
1099951301
1966467702
779813907
543710538
1056171694
247154582
1232134046
342080816
501572507
631427803
198153200
202886291
1046866812
2102554238
1208684517
2008893878
115394510
1520791677
537071218
806038620
499977633
271049952
1218287814
198928095
1054998084
1559523863
1338593275
14247520
1990756494
1611194752
1039685753
1464017944
886527179
65236484
907567336
1463859661
2131977538
1442519777
144301775
1298369377
151385440
357004418
652229326
178075525
1289281923
1051737482
2115389044
596615562
313885028
2080614895
1853748670
647661144
1400274721
1511647811
1686631981
1419783799
1627116774
792127759
1391418755
1564602186
1578679096
1202142296
308234777
1164856669
1535504861
170093891
392949472
2040902099
2067754348
1473566676
948315378
829932802
115020653
1594459346
1386757332
2123014170
2018955052
1473806279
1181509963
1075718144
37153055
1028541219
1269349847
1200685881
674376433
1548825728
1429363408
1611775233
465041962
895970049
1219035420
1920845692
1073034109
1678039507
415623051
1201221380
1379872943
1529145557
1195133903
157610145
446235423
1674863956
2070403355
1032258966
1258130678
1628566767
1953275478
1570133528
735691499
1764725914
1101917692
399369498
592249011
1707460029
1866277266
1045276483
1476000260
7416700
1656150723
700749569
504459845
1847425554
1737817116
893826999
1181254868
1890368086
568669025
759880210
1988028403
225968992
121081738
913773433
435565648
647425093
1830173789
119536290
549575471
1731008509
1108286889
927849282
1105728822
1414618470
199861276
534524637
1940304852
43527522
783209922
1828382907
1406361423
1543698715
1246700570
1746785019
486370154
1563458150
1603357143
6175425
248515759
256237637
2049903