1158607955
802581848
861713809
645348428
1054426277
2139918772
1976291582
1437036920
116966269
1210397602
1195722887
586011963
84254937
1825155316
755667234
2075883861
179712520
1766614854
1909159131
763985381
72389855
1353293749
1919044002
1500373359
1606487191
1844487086
1600162476
143003391
2097353282
38110433
1753964167
1302391910
758166248
2028962387
93729727
1043090083
418084162
1407186067
2111979045
1971698270
1821090066
1223068420
1785478850
1082975885
1815503389
1023593561
905879640
869644089
961077446
1158671392
1188336273
1731894875
2098072137
143075189
2059103687
2046005472
337011344
493222615
1443514735
417091020
1835325877
1854448407
589057826
89961851
1721319189
1159625580
1509487690
1888490242
166759437
560261796
1595794533
1207196083
368894036
2142155125
1200686585
1429764287
2096802293
940084210
740140053
433129206
138810087
766064665
747005567
1122805931
860581450
116003721
1579573887
525709747
704577344
2145821264
848703047
1961141643
622072678
1681158370
655261949
2122274713
1064372974
881451815
722504039
811240843
744327259
46244523
1425327410
309339612
507617751
43089401
1208206047
653911157
1579191860
44477185
1179179083
1147217776
1374087037
1573289654
386234329
1100342775
2060205369
221367221
1244425790
222526283
654921788
1174026783
1949758184
570417121
2124411433
1297877639
1352275212
1668944551
663167623
1638127111
46247754
1291228260
568173439
1422851437
1851698176
2083845949
846127152
890149267
1118372904
860333139
880385711
12574412
1301447406
1343691146
283482014
1550452090
443414483
995885413
814525799
956361149
736043383
1055893261
848174358
1210889286
497171206
2055759984
577610448
1858731593
75413058
2121263238
430320628
408617617
2575400
2140857263
485970125
265915821
1954688578
870754361
1890480113
1415741256
7783048
1715361021
1545594169
900648599
1284174836
824844328
1225946716
1650140139
569426337
1693255704
2007412522
800995686
465917599
1224306780
468027235
1235178698
1389204566
625691870
457002034
580996205
1284544915
255761693
1399416649
2043390281
267350068
2028149138
556875162
1432524848
736209772
498734388
1706295215
5733404
1131503796
1650046231
674948518
1764168612
1762493775
499171375
1583935693
1276593035
2037406327
1968728371
1287056598
513128563
1145582121
1674941597
521931447
1461301679
422278794
1031879886
288296736
2004772661
1053130229
1510454861
462532250
1282448562
389567906
787002928
968315193
1918964664
805850356
1243487379
1756502013
9875219
271100767
414033221
1766104523
1352022329
680368883
1354350723
446991875
1480777695
1771958666
745010652
801229501
1324979880
44049034
1589072691
673676453
43692792
2053653336
1799850467
1799882352
1947742951
1858186330
775519229
1457157626
953434450
1357734054
735845292
1719643390
369273099
699860556
1961139898
365894513
108595504
2041895228
1906255915
2043577723
2097462425
1591976662
1693788679
559279891
1922729579
647389197
2037965110
613967670
262354378
37871670
989425027
1419513027
996774571
1235699315
748234691
393692918
1063323079
702871478
639105039
726584191
851545515
497295220
488476204
2146413630
2095887084
529634536
1290501644
656033438
727207289
808684289
1176330862
298225291
1299647753
127538410
152913824
309841681
1264834226
1358899507
47497316
1237162642
840182171
315321761
805775089
1944143012
44489930
1262466447
247966736
958062469
1831315479
1037548799
1590031975
1914591035
1324681794
100223553
1658205139
1359012941
1358773792
558596158
1145413358
1811984407
1801457904
298109793
1767545520
540812494
634293195
1236955939
1273996849
461636369
2069791290
1235450418
1300925068
1170929447
1553414114
2020677438
1472546016
1172768731
1012756314
2130292832
410275440
2114246897
792220701
160949031
1758332138
938629956
1162727835
795722559
1611732165
669394045
2106329450
223680960
686024643
524437618
1558100633
2114457361
50674070
1805987352
707431461
1712998775
1090917535
923302439
1949650053
395389502
1170708689
1263913289
1891719264
1995076482
1132138164
945460222
1561557599
1288388762
604563590
1509963279
721270300
419814178
824931196
197309356
1602129977
63149732
1263803174
489715236
942376334
822639842
1170096368
1533467201
1679197050
739849411
2046872004
950209086
1053381466
1344810456
1042260941
1522285926
2104429336
548780681
1739630167
1934890827
1181922523
1457480416
960187858
1650163871
870023132
1410685426
1789982197
1758852018
866249817
183607269
584274944
1546311304
339641506
1255864995
1069093657
1366563990
2112476496
56004378
1283232984
1840450073
596539029
1124959533
798947294
927437588
208214191
825802810
1894360736
1410625508
2111808887
1962628680
1220202562
771858817
2069342486
634720205
1506626974
2125512531
283464662
492886554
2144506979
919734446
682592022
27768420
1086159450
591320044
251297624
1997492080
1317448388
1634571558
1158794612
972292058
1201655776
1201493647
1759736048
1961931521
1264095881
1994005612
1227425127
374581906
222867963
324619955
1368986917
1810223792
1099208118
172286528
384418517
1889201853
1863703419
612211630
143596625
1855686856
2097644403
801662424
959613081
1576938899
2020441199
551572972
1678107360
1679040319
1363767882
1353094952
594277567
2030454934
1428873323
1321408565
1444487564
1547819765
1460046439
538735644
99235014
142647508
1411488963
624636137
1817994663
1420799732
2016335831
328469979
1123074524
943177252
587220685
2121710404
318132561
30742447
513156297
1956247044
1264149797
81895013
1828434467
1670619292
827040701
1213341252
1013767119
714806257
687834101
1565568196
1774958302
1264419232
124455280
1542489020
1805316637
907010552
1076933648
1335124212
849510363
451381144
143307905
2028409928
188078537
106566310
1485019120
1633060469
1592221946
1083645353
1208532186
1585193603
275414025
1463393796
1217790719
1868704719
2057188697
1607766544
1803503733
415509172
844381047
442382036
793994712
551631318
1552172444
892772196
1973255071
1104780810
777649744
490350547
2021950090
528331493
973846056
547216853
580268343
831182304
483016880
450599158
25782484
1580440101
327056739
475339889
2014673647
354103032
730803927
1026636974
238991978
1161855685
850518518
1441505884
399370634
525618370
385075046
952067366
1563375406
440256320
2060681482
522082324
1422826780
1808041108
1586693538
694845825
223514999
1880254620
804838542
46454965
15932749
1319596272
2125075376
647758622
783977037
1393137063
691695982
1935108912
1625160085
496348355
1680245975
682011350
1118786986
1106958906
272848349
1178788755
839856513
62437026
1676253120
1357856314
517752506
1443952247
1700683660
14642246
801596652
786430988
869892281
1912513751
441304091
1063017997
1999229424
1635727178
143182918
292818092
1048165357
1413639539
572621853
1962827632
1497011327
145364857
1059518672
400881046
669214637
669039439
1323962627
609874723
622326003
876282315
2138463454
114345095
2098636457
1537514340
1390843200
190264047
1964562821
531920525
2144115731
1103049512
1287522871
749191592
475000762
2120644907
281786162
1388368553
497197991
2028960329
1386022027
838774344
1310461962
1670391796
783400953
1886619874
2093583012
794119463
1828872957
1800157933
1018731194
1753094259
2134299931
2004894486
230898212
813825192
1169674310
1891733497
1801311621
705409564
1760487769
1430055804
15719829
1758904987
1845976770
1320124873
431676313
1753852395
1984032569
853777894
1365318388
553465082
663755438
1450071538
1222384087
1015179686
1892634433
2116649214
994317077
1614995753
834839659
1107357829
961352466
208412447
116516410
1541375881
519252441
806686518
905892537
1870162252
1133931595
1146450801
468552557
1962023337
48273013
628731161
1382767868
884803853
257507579
87681600
191831785
1673307668
464174001
1946313203
1304464762
1543614148
342409033
709552379
891822011
1900419936
2060142630
1616300368
744422299
1019649258
2086865999
521823771
359582259
1335576889
1097997951
789763686
824921639
485535410
1785360473
305414243
65781285
270281126
1983710648
659971926
1254622603
286913864
1639959333
340999711
1769876773
976294473
1637687650
1862455400
132533779
1927331090
2065649699
754889831
1520406729
545050013
500904412
1766066000
1803999793
932838129
1407224501
1509807707
61860075
1614847032
1422630043
1453413997
1545847988
2037129598
553298544
1336781926
951288292
1481055752
1986215010
1081323526
1859943185
1618435663
321787737
619099004
1110131410
1514873752
142473610
943585677
2044506014
1229995825
1085558313
1572807773
751862738
1668245321
155724347
637830878
660034513
162643821
334955657
85385938
1914530885
1174154907
987478704
1197522302
881760900
199998724
1307546966
897193197
1135270159
1614271331
264379767
464379869
511836724
624088565
2112861405
377971275
462211795
1104098580
1428947886
1212940438
939222845
177646964
1739877663
1822874450
1878416440
2061701624
550493511
43392428
47455775
469997874
734290446
1702791285
143540262
1030703222
1971331396
1137206221
678106556
1683273369
624582094
1278321005
2013054985
2069954635
44719610
1974704528
325386647
689661966
1396516084
1159163007
610038284
1095810002
1477448018
1706734264
1995410453
878787119
1267045066
423019962
357957471
930435390
1613383939
506956656
2111869119
642330901
510918024
1987268151
1859195506
1879362525
1892223705
1292094350
1848270462
336952721
1146479260
1509507929
323114295
2077766996
1117750513
411234770
1128137181
95853167
513596131
521469453
1623205731
600262375
630064634
858425125
471111499
44618167
1323816685
1698896392
1478939820
517014191
1352318324
539326940
1471718741
1384458729
551527228
753288461
1035293452
717632739
967459828
1917821173
1565032175
1565178686
50836612
716158502
1722517756
248175890
1915284318
1499883351
1384820140
855993580
230964204
1718045928
1871911865
1151565669
452319017
267099923
1850565633
840374880
1593213772
1113610417
50054531
1331912159
453041310
785874086
568981382
117973122
464556397
92801003
680801240
598776222
1630284569
316062262
124085044
1482969846
950081099
1922727752
1218997693
2004040729
455261254
1500635859
1472647591
1556699480
1022926677
1537972485
674152949
1415850081
1878297700
186303925
660418396
1491825788
178852779
2043694121
497827143
1653666914
1986632325
1237127554
1137493236
385199029
1375762527
492157893
525969595
227125793
1276948683
1376720774
1373493615
1347052045
901774516
194178611
252841949
1754099965
1670313132
1216329466
790977650
1044992903
1206931042
335686744
1353961209
195763951
1418018607
691957823
633378945
375388770
1859401167
250546403
1136470364
225096140
857750829
1165664290
779939140
424238166
1819966038
346427278
688744345
976531583
792745872
2123817752
1340379590
352468950
848301700
1286806618
1372814785
